stack   33 -20 15 10 12 36 -15 10 78 12 
queue   29 18 -23 0 1 2 3 
binTree   -3 -2 1 1 5 10 10 20 34 78 78 11111 
stack   -8 13 25 50 
list   18 12 -9 99 78 101 12 15 34 -96 36 74 15 
queue   0 11 133 -5 78 36 36 52 7 8 10 -8 -9 21 
binTree   1 2 3 4 5 6 7 
queue   1 12 13 5 4 -3 12 36 74 10 15 -23 

Add 10 integers :
stack   33 -20 15 10 12 36 -15 10 78 12 
queue   29 18 -23 0 1 2 3 1003 1006 1009 
binTree   -3 -2 1 1 5 10 10 20 34 78 78 11111 
stack   1007 1004 1002 1001 1000 -8 13 25 50 
list   18 12 -9 99 78 101 12 15 34 -96 36 74 15 
queue   0 11 133 -5 78 36 36 52 7 8 10 -8 -9 21 
binTree   1 2 3 4 5 6 7 1005 1008 
queue   1 12 13 5 4 -3 12 36 74 10 15 -23 

Member 128?: 0

Member 1001?: 1

Sorted list:
stack   -20 -15 10 10 12 12 15 33 36 78 
queue   -23 0 1 2 3 18 29 1003 1006 1009 
binTree   -3 -2 1 1 5 10 10 20 34 78 78 11111 
stack   -8 13 25 50 1000 1001 1002 1004 1007 
list   -96 -9 12 12 15 15 18 34 36 74 78 99 101 
queue   -9 -8 -5 0 7 8 10 11 21 36 36 52 78 133 
binTree   1 2 3 4 5 6 7 1005 1008 
queue   -23 -3 1 4 5 10 12 12 13 15 36 74 

Filter odd numbers: 
stack   -15 15 33 
queue   -23 1 3 29 1003 1009 
binTree   -3 1 1 5 11111 
stack   13 25 1001 1007 
list   -9 15 15 99 101 
queue   -9 -5 7 11 21 133 
binTree   1 3 5 7 1005 
queue   -23 -3 1 5 13 15 

 Iterator 1: 
-23 -23 -15 -9 -9 -5 -3 -3 1 1 1 1 1 3 3 5 5 5 7 7 11 13 13 15 15 15 15 21 25 29 33 99 101 133 1001 1003 1005 1007 1009 11111 
 Iterator 2: 
-15 15 33 -23 1 3 29 1003 1009 -3 1 1 5 11111 13 25 1001 1007 -9 15 15 99 101 -9 -5 7 11 21 133 1 3 5 7 1005 -23 -3 1 5 13 15 
 Iterator 3: 
-15 -23 -3 13 -9 -9 1 -23 15 1 1 25 15 -5 3 -3 33 3 1 1001 15 7 5 1 29 5 1007 99 11 7 5 1003 11111 101 21 1005 13 1009 133 15 